# file written from a CGAL tool in Wavefront obj format
# 1303 vertices
# 0 halfedges
# 2134 facets


# 1303 vertices
# ------------------------------------------

v 8.61683 4.1683 10.3253
v -0.549286 -17.0358 26.9376
v -7.99654 5.06726 4.66738
v 27.6069 35.0388 -5.72543
v -15.3065 10.4833 17.8599
v -27.3239 5.03539 17.795
v -4.76606 -8.32101 19.4275
v 1.83264 -9.5713 16.8239
v 8.3684 -0.643051 7.75914
v 17.4158 44.4314 9.42122
v -6.54693 2.27492 4.193
v -9.83704 18.6454 41.5959
v 9.07411 -0.734624 9.62862
v -10.021 2.60033 16.8521
v 10.4527 20.3581 45.4235
v 10.8392 -26.4067 16.9226
v -7.78696 2.11466 6.05058
v -6.51245 -6.14547 20.5073
v 6.69739 -5.1117 9.52173
v -4.13843 -3.91686 15.8389
v -1.87467 -2.8512 8.21934
v -9.91777 6.12367 11.0723
v -4.77547 -0.589271 6.47804
v 8.97339 15.6086 -16.1956
v 3.09943 9.78617 0.127241
v -2.79695 6.62559 0.713186
v 1.45959 0.129152 1.78032
v -7.92772 -0.200968 11.7683
v 8.8075 1.88233 8.78727
v 8.16083 -3.05335 8.78961
v 3.85184 -2.80722 5.59048
v 6.32043 2.93408 3.55667
v 7.87378 1.71591 5.88545
v -5.58798 4.94392 2.08314
v -2.93114 1.28682 1.62544
v 5.78777 -0.377375 4.18083
v -9.19236 4.71025 7.9453
v 6.55412 -2.4646 6.48806
v -1.32646 -1.43926 4.38421
v -5.15727 -5.81296 17.8854
v -7.78699 -1.5512 18.7489
v -2.10683 -7.93394 15.2837
v 2.17189 -7.0533 11.9544
v 7.49978 -7.9152 14.9775
v 8.68268 -3.45025 13.4391
v -1.68996 -4.74048 12.2306
v -9.17987 2.80938 10.7745
v -6.32215 0.603947 5.54849
v -7.29819 -0.283352 8.55091
v -4.13738 0.171192 3.87511
v -4.7295 -2.17784 10.7734
v -8.94363 2.00325 13.88
v -6.75328 -0.672237 15.2758
v 8.79848 -2.65772 11.1228
v 8.03505 -4.95998 11.5936
v 5.4185 -6.85887 11.9487
v 8.41571 -5.88503 13.8706
v 3.73535 -6.02904 9.4798
v 0.383309 -5.35942 9.58227
v 0.108301 3.68085 -0.00491617
v 4.16127 1.28892 2.30945
v 4.80043 5.25504 -0.451024
v 3.21589 -0.921102 3.54765
v 1.24218 -2.27568 4.90254
v 1.72188 -3.65346 7.51738
v 2.3205 2.43124 0.771588
v 4.16455 -4.39528 7.56518
v 0.62042 7.22041 -0.174029
v -5.70132 17.0627 -10.701
v 2.306 5.16298 0.664093
v 4.40911 3.97293 1.91905
v -3.40287 -7.57891 17.4284
v -1.08669 -10.1365 19.6604
v -1.86953 -9.68253 17.2099
v -0.157816 -8.97801 15.8672
v 0.171196 -6.9336 13.9454
v 1.88119 -8.48646 14.6627
v -0.610072 -2.58691 6.28075
v -2.59511 -1.37961 6.33034
v -2.98638 -9.41916 19.0078
v -0.212538 -3.7826 7.77684
v -1.19778 -4.25012 9.3833
v -2.87121 -3.0911 10.13
v -4.17986 -1.96462 8.40467
v -3.34898 -3.10246 12.4197
v -5.28732 -1.53314 13.2648
v -5.91526 -1.52234 9.2995
v -5.02553 -1.98758 15.3743
v -6.50412 -2.01093 17.0128
v -3.83377 -2.93608 14.2451
v -2.81476 -5.04999 14.2669
v -3.73985 -5.83738 16.4132
v 0.0873246 -10.0524 17.9086
v -9.83209 4.2295 12.8591
v 0.00756203 -6.24394 11.7352
v -0.718341 -5.00734 10.8256
v -2.02635 -4.18222 10.8281
v -3.02891 -3.56734 11.2895
v -2.64185 -4.04258 12.3006
v -2.29392 -4.66594 13.2606
v -1.51382 -6.2397 13.775
v -1.48344 -5.38326 13.093
v -0.579512 -6.28153 12.8846
v -0.781649 -5.40169 12.2157
v -5.4675 -1.22751 7.78265
v -6.1689 -0.0207316 7.009
v -7.16769 0.962778 6.66257
v -8.60444 2.03917 8.43903
v -8.13107 1.66399 7.25387
v -8.75244 3.30196 6.9544
v -8.12352 0.770996 8.28608
v -8.06865 1.29775 10.1812
v -8.21232 3.59002 5.40554
v -8.71672 5.03848 6.27804
v -7.25054 3.73762 4.10332
v -6.00643 3.35558 2.8447
v -4.17769 3.22783 1.43098
v -5.10061 1.64773 3.05454
v -2.10067 3.07764 0.397243
v -0.695698 0.629164 -0.0224089
v -8.43707 1.59349 12.0006
v -7.36708 0.714211 13.5333
v -8.18835 0.847003 15.4592
v -1.46709 5.07948 0.159837
v -3.31489 4.76422 0.63459
v -4.38808 6.03868 1.31132
v -6.72483 8.50454 3.27113
v -13.8271 9.56161 6.64439
v -10.1009 8.53841 7.50596
v -4.00759 8.74877 2.27939
v -8.80313 7.58014 5.31821
v 4.41051 7.39153 2.20452
v -9.34855 6.65188 7.3492
v -10.2237 12.7235 3.91134
v -5.93532 6.93153 2.26737
v 0.333978 9.51408 3.92458
v -9.68509 7.45092 9.35365
v -1.30801 8.51459 1.99346
v -2.34332 9.85921 4.10011
v 1.11636 8.11347 2.06196
v -7.90193 0.345668 9.41943
v -7.02033 -0.74511 9.95037
v -8.07875 0.156262 10.6116
v -3.90448 7.51433 1.34241
v -5.03529 7.90978 1.98431
v -8.42731 1.00565 11.1271
v -8.37322 1.24832 9.18218
v -7.41983 0.249544 7.53433
v -6.68345 -0.362004 7.78088
v -6.32482 -0.702285 8.73636
v -7.47274 8.72067 0.29924
v -9.27301 2.87009 12.332
v -6.68578 4.67655 3.07439
v -6.46403 -0.445255 12.6389
v -5.69788 -1.47852 11.7672
v -9.80194 5.65945 9.34193
v -9.5435 3.93031 9.47602
v -5.54602 0.720402 4.21282
v -4.8704 -0.253816 5.06201
v -3.55155 -0.478525 5.67129
v -2.52181 -1.08901 4.98173
v -9.27512 3.35537 8.2403
v -9.20464 2.71265 9.33539
v 7.26018 -0.459533 5.84243
v 7.01709 0.807591 4.63528
v 5.80827 1.22577 3.38
v 4.61738 0.223787 3.34898
v 4.43847 -0.841913 4.28703
v 3.42232 -1.77852 4.68286
v 2.11679 -1.25252 4.40737
v 0.380372 -1.01317 3.912
v -1.2277 -0.340042 2.22
v 1.83169 -0.348615 3.19503
v 3.08971 0.232345 2.55776
v 2.50709 -2.5186 5.41559
v 1.33406 -3.22514 6.09981
v 2.85087 -3.61723 6.45476
v 0.524857 -0.320221 2.71138
v -0.00142351 -0.172702 1.21104
v 1.12449 0.722291 0.0863655
v 2.80528 -4.48066 7.50857
v 1.68342 -4.83939 8.68368
v 1.95952 -6.23725 9.81448
v 3.50898 -5.33794 8.31632
v 3.12536 -6.74497 10.7412
v 3.81679 -7.31058 12.1614
v 5.12229 -7.85562 14.2183
v 5.32017 -9.07821 17.6074
v 2.72103 -8.65198 21.0121
v -3.03671 -8.99527 23.1058
v 2.19754 -10.2175 19.1775
v -3.38554 -8.75815 21.0058
v -4.94555 -7.34228 21.309
v 3.80316 -8.82283 15.8904
v 2.68737 -5.59952 9.12981
v 4.11741 -3.48619 6.65307
v 5.72308 -3.80333 7.16431
v 2.42002 1.27607 1.71885
v 3.43948 2.20008 1.55536
v 3.54803 -9.64207 17.5416
v 4.28882 -9.13367 19.5481
v 5.63337 -8.53692 15.8635
v 4.4396 -6.94397 11.0131
v 5.26889 -5.76879 10.1321
v 5.0145 -5.05111 8.73707
v 6.69722 -5.85679 11.0497
v 7.04298 -6.47764 12.7669
v 0.559418 -10.382 19.4805
v 1.62823 -10.02 20.8314
v 5.28909 -2.92441 6.19708
v 2.8928 -6.09923 9.90897
v 2.40874 -6.46157 10.4622
v 0.989872 -6.89115 10.779
v 0.178217 -6.02811 10.5627
v 0.901235 -6.25063 9.82245
v 1.41858 -5.73885 9.09957
v 1.9948 1.30928 0.620808
v 0.893411 2.29645 0.031924
v 1.51505 3.573 0.358728
v 0.361407 -2.73588 5.58381
v -0.468774 -1.80576 5.26927
v -1.40093 -1.64253 6.08236
v -1.90515 -2.03644 7.21059
v -2.88132 -1.98703 8.11387
v -3.76734 -1.38978 7.15693
v 0.451651 -4.44054 8.67262
v -0.565528 -4.32512 8.57584
v 0.651643 -3.28249 7.09573
v 1.01775 -6.81119 11.9552
v 1.48425 -7.46404 13.2924
v 2.79858 -7.68173 12.9923
v 0.225255 -6.76418 12.5546
v 1.02057 -6.95092 12.7953
v 5.94834 -7.28265 13.2047
v -8.7155 2.45455 7.51667
v -5.24738 -3.00783 16.6461
v -6.53315 -3.93225 18.4448
v -7.77869 -3.40528 21.2416
v -32.3898 -28.8378 21.2751
v 8.8935 0.400007 8.6822
v -2.82761 -1.76659 7.1794
v -6.90906 -0.465701 9.21698
v -7.54261 -0.301093 9.61193
v -7.68008 -0.527792 10.3901
v -6.77944 -1.0041 11.2082
v -6.38709 -0.9563 9.43934
v -5.99154 -1.37184 10.4444
v -5.36472 -2.03462 9.98842
v -4.17724 -2.39494 9.62425
v -6.18573 -1.38649 9.84853
v -7.7605 -0.150817 9.00544
v -7.81854 0.14916 8.37723
v -8.2496 0.397796 8.83883
v -7.48854 -0.180557 7.97233
v -7.14311 -0.201552 7.57035
v -6.91035 0.203531 6.94963
v -6.36346 0.517148 6.38759
v -8.53548 0.913733 8.70522
v -8.41045 1.40408 8.2248
v -7.91891 1.19638 7.75019
v -8.5178 1.42445 8.72437
v -8.71947 2.0155 9.30107
v -8.20448 1.65533 7.79088
v -8.51572 1.95957 7.47965
v -8.31272 2.38746 6.72084
v 0.193582 1.37993 -0.222618
v -1.04195 2.04459 0.264588
v -0.996766 3.20182 -0.0731391
v -1.69635 4.02363 0.0489467
v -0.697433 4.38319 -0.12066
v 0.700239 5.22073 0.22511
v -0.40011 5.48066 0.0312285
v -1.38872 6.54882 0.277403
v -1.88396 7.69343 0.975361
v -0.287814 7.75098 1.0291
v -2.70589 8.29021 1.96211
v -2.15994 9.23326 2.85292
v -0.10885 2.6456 0.115771
v 1.7079 6.22361 -0.168718
v 2.55613 6.94122 1.44258
v 0.930422 7.52816 0.985637
v -3.1162 -7.1364 16.035
v -2.46886 -6.58115 14.8383
v -2.55689 -8.32346 16.5695
v -1.55435 -9.05171 15.9191
v -0.922131 -8.35462 15.0547
v 0.500134 -8.11703 14.9039
v -3.03586 -5.5922 15.3896
v -0.363614 -7.50958 14.684
v -1.42088 -7.55155 14.5646
v 0.413566 8.04669 1.50632
v -0.0061857 8.8371 2.66853
v 1.76163 10.5499 2.12312
v 1.28655 9.00887 3.08237
v 2.77952 8.2453 2.58614
v 1.4385 -6.66289 10.1934
v 2.66042 6.2613 0.501773
v -2.22346 5.85794 0.20166
v -2.43669 4.89303 0.20019
v 8.6553 -1.7133 8.6686
v 7.7705 -2.06093 7.40891
v 8.94702 -2.03591 9.94042
v 1.66907 -6.57612 11.3326
v 1.62649 -6.8667 10.7671
v 2.16314 -6.6676 10.9834
v 2.168 -6.69655 11.534
v 2.91388 -7.16905 11.4877
v 1.71969 -6.73535 11.8668
v -2.8407 -0.0213686 2.75003
v -2.34113 -9.65 20.3613
v -3.47392 -9.48275 20.0796
v -2.19102 -10.1721 19.3505
v -1.29798 -10.2917 18.3068
v -2.25292 -9.81989 18.3464
v -0.84834 -9.94942 17.3961
v 0.13522 -9.6966 16.772
v 0.989022 -9.36231 15.9757
v 2.18673 -9.08653 15.7217
v 3.04829 -8.72434 14.9348
v 0.571712 -8.85637 15.3831
v 1.42332 -8.98454 15.3332
v 1.02761 -8.56271 14.9528
v 1.2125 -7.88161 14.265
v 2.84434 -9.7869 20.2855
v 3.57587 -10.2684 19.2191
v 4.41712 -9.73449 18.4486
v 5.31058 -8.95968 18.8509
v 2.91546 -10.1973 18.3007
v 1.6709 -10.0249 18.0182
v 2.48408 -9.7511 17.5381
v -9.46835 3.2233 10.0286
v -9.83149 4.49882 10.9762
v -10.0808 5.24006 12.0429
v -9.62108 3.53469 11.5026
v -9.56405 3.27261 9.37103
v 2.03662 -5.45914 8.83318
v 2.69745 -5.17824 8.41174
v 7.95702 -3.87839 10.2725
v 9.20522 -1.05211 11.2543
v 9.19084 -2.02297 12.6562
v -2.44141 -2.10937 7.61551
v -0.477109 7.1796 0.0768095
v 0.382546 -9.3053 15.7923
v 0.786019 -9.20697 15.5921
v 1.43132 -6.3816 9.71282
v 1.13641 -6.10244 9.36794
v -9.30748 7.83048 6.59805
v -9.61073 7.62905 7.56676
v -6.32335 -5.47312 19.008
v -6.8412 -4.4808 20.3
v -6.64195 -5.02403 22.6707
v -7.763 -3.2142 19.4872
v -5.8028 -7.02773 19.2888
v -4.5378 -7.17799 18.4054
v -3.77731 -8.28485 18.5131
v -2.83034 -8.65891 17.7598
v -3.81652 -8.91592 19.3088
v -4.28194 -8.78575 20.2813
v -5.1111 -8.05357 20.4593
v -4.90455 -9.04638 21.9789
v -7.63781 -8.46942 21.6292
v -4.30115 -8.15557 21.1256
v -4.79376 -8.05708 21.985
v -6.32615 -7.67163 22.0037
v -5.38988 -7.20248 22.2895
v -7.24315 -7.60153 26.9539
v -6.4942 -6.39523 22.5205
v -5.70195 -6.36075 21.4272
v -6.39295 -5.2862 21.4453
v -7.37838 -4.51761 21.7467
v 3.1135 6.59752 34.4113
v -4.00799 -8.8382 21.7252
v -3.66565 -10.0059 21.258
v -2.63141 -11.58 20.6637
v -5.48046 -7.79898 19.6615
v -5.81967 -7.13049 20.5569
v -1.41736 -10.6851 21.0913
v 0.31229 -11.2617 21.0585
v -3.38532 -9.32364 21.5765
v -2.6028 -10.0039 21.3315
v -2.30387 -8.87144 21.4586
v -3.08471 -8.40003 21.9904
v -1.57775 -9.67432 21.4443
v -3.83831 -7.7267 21.9183
v -1.83044 -3.91823 26.1732
v -4.51315 -7.14755 22.0781
v -3.40359 -9.06775 22.3653
v -3.68317 -8.17105 22.8807
v -2.38804 -9.47729 22.3669
v -4.6045 -7.71015 22.9381
v -4.03433 -8.67582 22.4549
v -1.46131 -9.92183 20.5459
v -0.226983 -10.0008 21.1444
v -0.898715 -9.56164 21.0104
v -0.646006 -10.0565 20.3755
v 0.261091 -10.4103 20.4075
v 1.14716 -10.4467 20.1796
v 2.06821 -10.3611 20.0869
v 2.85606 -10.6855 19.6725
v -0.181967 -10.2638 19.7574
v -0.535151 -10.1331 18.8718
v -1.14443 -10.1157 21.2449
v -4.35567 -9.02704 22.1381
v -4.47602 -9.7711 21.6164
v -4.54824 -8.57335 21.7874
v -4.04954 -8.28669 21.9572
v -4.63999 -8.50046 22.4087
v -5.19202 -8.51191 21.7528
v -3.92459 -8.04491 21.4933
v -4.465 -7.69828 21.5491
v -4.8168 -7.88 21.1188
v -5.32835 -7.59046 20.8526
v -4.31785 -7.85315 22.1173
v -4.75149 -7.58824 22.1896
v -5.14323 -8.0113 22.5962
v -5.14602 -6.12044 23.8396
v -3.47312 -6.72196 23.8902
v -7.52405 -6.06303 24.881
v -8.63856 -4.6197 23.5893
v -7.63078 6.76166 28.2003
v -8.53988 -3.92318 22.3403
v -11.1321 -1.43554 20.782
v -9.12776 -1.98281 20.4968
v -9.74118 0.46965 19.1904
v -8.83366 -2.53913 21.8541
v -10.1625 -2.2446 21.4382
v -7.92082 -5.2128 22.6923
v -4.91165 -7.16146 22.3526
v -5.24217 -7.25954 23.0645
v -5.10056 -6.93856 21.7821
v -5.55235 -6.45208 22.1823
v -6.16494 -7.22799 22.839
v -6.02137 -6.40779 23.417
v -7.16941 -5.88157 23.4569
v -6.25885 -5.49111 24.5012
v -5.21317 -6.73338 22.5024
v -4.0502 -7.38566 22.3417
v -6.05415 -5.71745 22.1467
v -4.49916 -9.11104 21.562
v -7.56632 -4.87439 23.6839
v -8.06513 -3.68639 26.0705
v -5.36147 -7.78584 22.0473
v -5.78688 -7.75439 22.5935
v -5.80785 -8.38388 22.1738
v -5.93246 -6.90949 22.3598
v -5.94235 -6.39772 22.5725
v -6.25518 -5.71708 22.9711
v -8.30189 0.215021 17.5558
v -6.58731 -5.15172 23.6685
v -7.295 -7.25439 22.5201
v -9.83555 -0.533117 20.4514
v -8.65466 -0.549511 19.494
v -8.36377 -1.62637 19.7294
v -8.0672 -2.54902 20.4429
v -7.72015 -2.25816 19.3968
v -7.02075 -2.61983 18.2169
v -7.34327 -1.65266 17.7007
v -7.17221 -0.895492 16.566
v -7.77426 -0.661667 18.0453
v -7.46494 0.0288088 15.8985
v -7.22408 0.337197 14.7139
v -7.83771 1.29569 14.4352
v -8.72249 1.81558 15.0304
v -9.95739 3.56123 14.9408
v -10.8718 6.24037 14.594
v -10.2364 7.13898 12.8443
v -11.331 4.84316 16.7379
v -9.77562 8.05599 11.1962
v -12.5497 9.11737 9.68853
v -8.33253 1.20446 13.4746
v -7.87925 0.785864 12.5399
v -8.90279 1.46078 16.7522
v -3.43811 -8.93294 18.6648
v -2.84759 -9.23558 18.2717
v -3.84141 -9.40313 22.0278
v -4.00594 -9.34073 21.5104
v -3.9284 -9.84563 21.7135
v -3.24789 -9.96513 21.8164
v -5.82394 -7.52785 22.112
v -5.93626 -7.9748 21.9121
v -6.15467 -7.97244 22.352
v -6.6972 -8.45364 21.6352
v -6.65428 -8.13324 22.1128
v -6.10875 -8.4883 21.6761
v -7.13887 -10.9466 23.6953
v -6.49949 -7.56203 22.53
v -6.99835 -7.55819 21.9865
v -7.98443 -7.57615 21.8843
v -7.09521 -8.06985 21.7617
v -6.33892 -7.19208 22.2027
v -6.34304 -8.05926 21.8374
v -5.5208 -8.1852 21.8614
v -5.67303 -8.9235 21.8547
v -5.59605 -8.55307 21.6969
v -5.43735 -8.63054 22.1104
v -5.33827 -8.88327 21.58
v -5.38736 -9.78809 21.7319
v -5.03252 -11.883 20.5695
v -4.58037 -10.7533 20.8517
v -4.97713 -9.47711 21.3602
v -5.87972 -8.77236 21.5762
v -5.87068 -9.42286 21.4734
v -5.50316 -9.28038 21.6652
v -5.73153 -9.08482 21.4566
v -4.94293 -8.81526 21.6465
v -5.5359 -9.58697 21.4547
v -5.28298 -10.3019 21.0518
v -5.25089 -9.92092 21.3111
v -6.87929 -7.06117 22.2055
v -7.37557 -6.37649 22.4615
v -6.73871 -7.07956 22.7836
v -7.2308 -6.782 22.8481
v -7.50446 -7.35251 22.0238
v -8.16976 -6.9032 22.5178
v -6.31485 -8.21158 22.1519
v -6.52339 -8.43045 21.9522
v -6.85789 -8.34062 21.922
v -7.16486 -8.62655 21.652
v -6.6637 -8.11297 21.7841
v -6.97519 -8.06945 22.0692
v -6.19524 -8.48837 22.0017
v -6.38114 -8.75299 21.7779
v -4.99664 -6.80716 22.1591
v -1.84718 -9.35499 20.8306
v -2.51851 -8.93951 20.6887
v -1.78311 -9.12879 21.3692
v -2.26836 -9.50457 21.5562
v -2.78894 -9.19151 21.6676
v -2.62702 -8.70138 21.8815
v -2.83659 -8.53113 21.2837
v -3.39177 -8.35918 21.4659
v -3.40798 -8.81028 21.794
v -6.8659 -7.91615 21.8492
v -8.52074 -2.18294 21.1078
v -9.34108 -2.21376 21.2729
v -9.88236 -1.87794 20.7723
v -9.56595 -1.30675 20.2304
v -9.63171 -2.68244 21.8674
v -9.13507 -0.656957 20.1104
v -9.5045 0.136416 19.9758
v -10.9451 0.251871 19.9598
v -10.5115 3.99841 20.3414
v -11.3045 1.87201 18.4986
v -9.85293 1.54185 17.9995
v -10.3139 -1.19939 20.5712
v -9.07503 0.086291 19.3261
v -9.05643 0.553202 18.3095
v -10.2058 0.408982 19.8037
v -10.8798 1.1356 19.2507
v -13.625 1.27935 20.0852
v -10.5327 -1.7325 20.9503
v -10.9065 -0.306203 23.3841
v -12.8945 -0.770174 19.5829
v -10.5724 2.39163 17.8146
v -11.0346 3.52954 17.1346
v -8.88958 -0.0791057 19.9302
v -7.41964 -4.16644 20.9168
v -6.97907 -4.86585 21.0268
v -6.5382 -5.28499 20.4099
v -6.55113 -5.7966 19.7465
v -6.57561 -4.95946 19.6304
v -6.89146 -4.02147 19.3932
v -6.69414 -4.67687 21.6483
v -6.89449 -4.37948 22.331
v -7.48306 -3.63656 22.134
v -8.03733 -2.94456 21.9718
v -6.4111 -5.08889 22.0654
v -7.7424 -4.35481 22.5787
v -8.71063 -3.19322 22.2196
v -8.13649 -3.42707 22.3816
v -6.25521 -5.65745 20.8976
v -7.79111 -3.81398 22.5458
v -7.4321 -4.06742 22.3458
v -7.25815 -4.40231 22.6648
v -7.45107 -3.90398 21.5197
v -8.35292 -2.71462 21.4481
v -3.60043 -10.0734 21.6511
v -3.15429 -10.8976 21.2279
v -3.55658 -10.5397 21.3561
v -3.04972 -10.3329 21.1743
v -2.29682 -10.7752 21.0177
v -3.07678 -9.88128 21.3642
v -3.23241 -10.3359 21.5766
v -2.77334 -10.1934 21.7929
v -1.88083 -10.4485 21.8632
v -3.83369 -10.2931 21.4444
v -4.19138 -9.9752 21.2214
v -3.9334 -10.1623 21.1658
v -4.33005 -10.3895 21.031
v -3.97097 -10.6459 21.1756
v -3.63885 -10.311 21.1301
v -3.34525 -10.4977 21.078
v -3.66355 -10.6412 20.9864
v -3.82452 -11.8565 20.8295
v -4.14847 -10.2462 21.3912
v -3.35799 -10.8314 20.934
v -3.84692 -11.2116 20.725
v -2.9768 -11.1935 20.8132
v -3.39032 -11.5431 20.6265
v -3.04516 -10.6407 21.0443
v -2.65489 -10.7082 21.4858
v -2.65894 -10.4875 21.1247
v -2.71565 -11.1019 21.2105
v -2.11499 -10.8416 21.5421
v -3.26736 -11.1667 21.0206
v -2.73074 -10.8166 20.9826
v -2.46976 -11.1365 20.8579
v -1.5435 -11.683 20.6641
v -2.26202 -11.1925 21.2719
v -1.91263 -11.2724 20.8229
v -3.50826 -10.7981 21.1989
v -4.59063 -10.1643 21.3271
v -4.3547 -10.0336 21.4761
v -4.46173 -9.7809 21.279
v -4.85037 -9.86348 21.4557
v -4.78411 -9.56259 21.6714
v -4.42089 -9.41602 21.8648
v -4.64926 -9.52377 21.3712
v -4.71655 -9.74943 21.2683
v -4.91035 -10.0604 21.1169
v -5.00378 -9.74012 21.2451
v -5.92598 -10.2351 21.4448
v -5.06103 -9.69295 21.5117
v -5.29751 -9.33974 21.3886
v -5.1051 -9.31641 21.7477
v -5.25429 -9.02643 21.8987
v -5.08465 -9.0822 21.5189
v -10.3527 5.79775 13.3342
v -8.47195 -2.03074 20.4693
v -3.85904 -8.68066 18.8442
v -6.74965 -0.328717 8.68969
v -6.41311 -0.430884 8.26052
v -5.9648 -0.639524 7.65692
v -5.4037 -0.817825 7.02495
v -5.53592 -0.190196 6.45332
v -7.09294 -0.243421 8.9136
v 0.529028 -3.14543 6.28619
v -0.157666 -3.09982 6.82358
v -1.12059 -2.78798 7.2185
v -1.11679 -3.43279 7.96713
v -0.668499 -3.35152 7.38283
v -0.694008 -3.01343 6.94212
v 1.05078 -3.04804 6.64931
v 1.99297 -3.11349 6.77982
v 1.55418 -3.00585 6.51892
v 2.17909 -2.94763 6.01359
v 3.0324 -2.96721 5.92473
v 1.79626 -3.1763 6.15623
v 1.59882 -2.78212 5.48991
v 3.52142 -3.4215 6.22977
v 3.4714 -3.8973 6.86364
v 0.8338 -3.11484 5.7407
v 1.89852 -3.02271 6.45449
v 2.36428 -3.33666 6.4207
v 2.34492 -3.85926 7.04064
v 2.13136 -4.24134 7.61638
v 2.08098 -3.12305 6.2374
v 2.8938 -4.01307 6.8897
v -9.25896 -0.203117 20.2131
v -6.45683 -8.2842 21.7304
v -8.56648 -2.3164 21.5487
v -8.4168 -2.57852 21.8392
v -8.42525 -2.87984 22.1461
v -9.86046 8.04689 7.0227
v -9.64492 7.46948 6.97011
v -9.06727 6.8578 6.38633
v -9.15671 5.87556 6.69468
v -8.66299 6.035 5.6142
v -7.85217 6.67038 4.33297
v -9.41584 5.67653 7.67057
v -8.01108 8.21728 4.1228
v -9.35874 7.19759 7.34707
v -9.54723 6.92502 8.34419
v -3.31357 -3.982 14.8287
v -2.89582 -4.08675 13.8813
v -3.25051 -4.83929 14.9969
v -3.67645 -5.0144 15.8707
v -4.72114 -4.86728 16.871
v -0.217111 -8.0892 15.1528
v -0.425272 -8.69058 15.3344
v -1.07638 -8.92524 15.4262
v -1.78384 -8.63604 15.3089
v -2.19465 -8.62542 15.9604
v -2.0995 -9.23412 16.5349
v -1.25479 -9.41393 16.6533
v -1.5501 -8.11617 14.9333
v 0.0811203 -8.68639 15.4935
v -1.36967 -8.55263 15.0618
v -1.4617 -8.89477 15.2767
v -1.78148 -8.99532 15.5531
v -2.04189 -9.09172 15.9577
v -1.02508 -8.72528 15.0986
v -2.08969 -8.8476 15.6875
v -2.10183 -8.39294 15.5598
v -5.0596 2.67588 2.23549
v -5.70033 2.4228 2.94158
v -5.9711 1.68021 3.59147
v -6.23881 1.37767 4.50467
v -5.44384 1.08406 3.50727
v -4.93527 0.421438 3.69328
v -4.14643 0.926057 2.93997
v -5.14748 0.040435 4.36784
v -5.72812 0.0792165 5.08079
v -4.35245 0.698019 3.53017
v -3.68867 0.372508 3.26099
v -2.99386 -0.382707 4.02506
v -3.4149 0.193566 3.90634
v -3.60318 -0.224732 4.74821
v -3.19989 -0.102582 3.32746
v -3.39362 0.122473 2.83246
v -3.07599 0.580644 2.14243
v -1.91547 0.551469 1.66664
v -3.71412 1.28953 2.17086
v -2.00161 1.45455 0.806517
v -2.84206 2.31385 0.982722
v -4.37827 1.67846 2.57329
v -1.13408 -0.0709949 1.11484
v -1.64461 0.615249 0.798015
v -1.35099 1.24097 0.284251
v -4.13676 -0.0354984 5.32795
v -4.73526 -0.140534 5.83072
v -4.30297 -0.150226 4.64612
v -5.31623 -0.156908 5.53069
v -4.20552 2.34736 1.87138
v -3.88745 -0.180523 4.25245
v -4.31343 -0.0607136 4.21091
v -0.501138 0.0599021 0.570767
v 0.431821 0.18054 0.443842
v 0.409091 0.682204 -0.100267
v -0.1692 0.863697 -0.287097
v -1.63812 1.81573 0.401576
v -0.635729 -0.403641 1.66537
v -5.66274 0.250025 4.53077
v -5.96778 0.731897 4.94957
v -2.15377 0.890844 1.13836
v -0.743457 -3.74014 7.74104
v -0.527727 -4.12195 8.06884
v -8.03302 -2.68983 19.794
v -8.07608 -2.11607 19.8272
v -5.94616 0.331845 4.82791
v -0.517115 -10.8586 20.9244
v 3.34479 1.31849 1.85372
v 2.92422 1.69758 1.3737
v 2.34092 1.53849 1.12556
v 1.86507 0.958201 1.29228
v 1.60543 0.674579 0.653783
v 2.02435 1.90107 0.754903
v 1.43965 0.47978 1.24276
v 0.763542 0.0585605 1.16225
v -3.2883 -3.2501 13.434
v -3.97043 -9.69395 21.3627
v -4.86866 -6.83403 22.4934
v -1.27716 1.67136 0.174356
v -0.540617 1.5258 -0.0199063
v -0.991792 1.33266 -0.0378594
v -0.608031 1.07625 -0.206588
v -1.50411 -10.4055 19.0542
v -1.86302 -10.2533 18.5676
v -1.78893 -10.0518 17.9532
v -1.66229 -10.2478 19.5997
v -7.2823 -7.04859 22.172
v 8.74675 -2.46882 9.16627
v 8.26659 -3.08484 9.77159
v 7.73154 -3.78294 9.30964
v 6.92422 -3.52923 8.05011
v 7.42935 -4.55052 9.81686
v 6.09134 -4.53471 8.19095
v 7.56388 -3.5492 8.55014
v 6.90769 -4.29071 8.90102
v 8.95742 -1.81944 9.28266
v 8.93339 -1.13023 9.02309
v 8.72498 -2.62712 9.79445
v 15.93 -15.4071 6.74337
v 6.25759 -6.87467 12.4007
v 6.20614 -6.54402 11.5026
v 5.8805 -6.1606 10.7172
v 4.99544 -6.26251 10.8307
v -3.35763 -10.9665 21.1283
v -6.39509 -1.01136 11.9855
v -3.71955 -10.6722 21.2254
v -3.83922 -10.9071 21.0389
v 0.246313 7.3163 0.562634
v 0.871857 7.20291 0.425505
v 1.75941 6.98542 0.836551
v 1.28753 6.85693 -0.111673
v 1.83502 6.73052 0.233234
v 0.114134 6.87162 0.0838238
v -11.8251 -0.593612 20.1884
v -10.9812 -0.648942 20.4231
v -11.6338 -0.696714 21.1173
v -12.4821 -1.86731 20.4473
v 0.49651 -6.74005 11.3716
v -3.96051 0.732473 3.30518
v -3.84015 0.490424 3.69295
v -3.43365 0.464628 3.5839
v -3.16078 0.178585 3.60327
v -2.85419 -0.171828 3.63303
v -2.01745 -0.799049 3.87137
v -0.881922 -0.929747 3.29977
v -2.54571 -0.622097 3.77835
v -2.02511 -0.348729 3.05676
v -4.23757 1.03506 3.32538
v -4.85293 1.00879 3.34893
v -4.49186 1.33183 2.96241
v -0.480793 -1.32369 4.03215
v 4.2086 5.64034 1.22382
v 3.29287 5.47688 0.758912
v 3.17191 4.03297 1.09536
v 7.36351 5.13143 1.46942
v -5.59303 1.52725 3.23858
v -5.88764 1.96454 3.14551
v -6.1857 2.58033 3.55266
v 6.02884 4.56711 2.66923
v 7.81123 3.90958 2.86775
v 7.65706 3.90309 5.17305
v 10.5959 3.41208 6.5182
v 7.07979 3.94043 3.97673
v 7.06489 2.77841 4.68568
v 6.59183 1.86158 4.05052
v 7.08395 4.80069 3.15941
v 11.9044 10.0123 4.07627
v 6.73867 5.19415 2.27882
v 9.34257 7.62286 3.18487
v 5.80321 5.27757 0.901881
v 6.03219 4.81347 1.72696
v 5.12712 4.65678 2.18613
v 5.3489 3.47406 2.64404
v 6.53948 5.711 1.43669
v 7.94765 9.78231 -1.1069
v 5.23615 4.51138 1.20312
v 6.58274 4.00523 3.18101
v -6.63771 -4.39518 19.761
v -6.42366 -4.50547 19.04
v -5.84414 -4.90442 18.1153
v -6.56948 -4.75392 20.0445
v -6.63965 -4.84606 20.4866
v -6.64822 -5.14894 20.8472
v -6.60229 -4.95367 21.2417
v 0.891245 6.9579 0.0574727
v 0.970758 6.16545 0.137905
v 0.572642 5.56909 -1.97718
v 0.33614 6.35882 -1.03579
v 0.78778 6.50545 -0.493763
v 1.26059 6.9456 0.351198
v 0.511118 6.77976 -0.122832
v 0.14243 6.07325 -0.0119784
v -0.660705 6.26402 0.0112366
v 0.58699 7.13411 0.190219
v 1.55633 6.95171 0.126531
v 1.58764 6.84588 0.471936
v 1.92898 6.74311 0.599939
v 2.06644 6.16035 0.338376
v 1.50276 5.87802 0.317462
v 2.15708 6.54154 0.352811
v 1.34356 6.77172 0.148626
v 1.60335 6.67218 0.0708662
v 1.03651 6.62614 0.0169366
v 1.34649 6.50487 -0.112027
v 1.70394 6.31062 0.22918
v 1.82107 6.50596 0.076882
v 1.45477 6.43518 0.147998
v 2.06726 6.36933 0.139544
v 2.27609 6.31393 0.291415
v 2.39497 5.97365 0.451936
v -6.06539 -8.75354 21.8618
v -6.16887 -9.08986 21.6129
v -6.17901 -8.75448 21.5555
v -5.95522 -8.9767 21.7444
v -5.74683 -9.11679 21.7078
v -6.00012 -9.17555 21.3923
v -6.33162 -8.57314 21.6187
v -6.60003 -8.75968 21.5135
v -6.94038 -9.78935 21.103
v -6.63287 -8.67607 21.7614
v -1.93727 -9.79374 20.6139
v -1.61638 -9.70691 20.8759
v -1.62999 -9.42631 21.1472
v -1.17729 -9.34241 21.3943
v -1.5171 -9.32123 21.5436
v -4.60642 -1.96634 14.2069
v -4.07457 -2.37507 13.2163
v -5.59413 -1.04392 14.5282
v -4.16925 -2.22945 11.9362
v -6.58211 -0.485248 14.0833
v -4.75097 -2.0212 12.6547
v 4.68093 -8.51148 15.1269
v 5.61752 -8.34156 14.9063
v 6.24405 -7.69608 14.2174
v 7.39572 -7.02741 13.9564
v 6.51198 -7.95684 15.1484
v 7.34991 -8.42435 16.9314
v 6.41689 -8.09535 18.1496
v 4.75161 -8.88105 16.0072
v 6.23172 -8.57758 17.1272
v 6.61294 -8.28572 16.1819
v 7.89022 -6.48964 13.2842
v 9.18305 -9.013 12.9496
v 8.07341 -5.35109 12.7865
v 8.52326 -4.22946 12.4786
v 10.5705 -4.91581 13.5051
v 8.4372 -3.8736 11.3536
v 8.59592 -4.64124 13.6101
v 8.14863 -6.66135 14.07
v 7.96215 -7.38343 14.4909
v 7.29866 -7.63146 14.3429
v 6.79674 -7.38561 13.9236
v 7.73841 -6.07595 12.5898
v 7.71063 -5.46371 12.1
v 7.09979 -6.06973 12.0055
v 8.08662 -4.93167 12.2624
v 8.0889 -4.49694 10.8639
v 6.06946 -8.83326 17.9188
v 5.58884 -9.25547 18.2538
v 8.46902 -4.52143 11.3901
v 6.44662 -8.44547 17.6676
v 6.33545 -8.52429 18.0871
v 5.7762 -8.27649 18.6715
v 5.94801 -8.67096 18.3909
v 5.96354 -9.06645 18.2513
v 5.67615 -8.95883 18.5454
v 5.42131 -9.25288 18.6111
v 4.9499 -9.43743 18.1734
v 4.84369 -9.47468 18.9403
v 6.76327 -0.311429 4.80486
v 6.42809 0.272434 4.18916
v 5.71753 0.339615 3.60903
v 5.18683 0.761287 3.18343
v 5.00707 1.83479 2.84447
v 0.98079 -0.489134 3.47773
v 1.65665 -0.702111 3.94929
v 1.05239 -0.994765 3.91496
v 0.729042 -1.57208 4.57102
v 1.48322 -1.71703 4.40557
v 0.061544 -1.26364 4.52701
v 0.71487 -0.893628 3.57034
v -0.0531505 -0.729179 3.23143
v 0.517323 -0.547568 3.20317
v -0.411986 -0.423187 2.5033
v 4.33318 -5.03517 8.16246
v 5.13177 -4.48768 7.92221
v 3.74025 -4.92803 7.77943
v -3.00646 -8.33189 21.5962
v -3.30445 -8.09108 21.7894
v -3.50488 -8.42828 21.9483
v -3.59503 -8.03361 22.1085
v -3.63523 -7.97051 21.7635
v -3.92996 -8.00132 22.0907
v -3.74568 -7.78778 22.1995
v -3.59567 -7.8022 21.9844
v -0.202917 -8.90558 15.5178
v -0.658282 -8.95592 15.6583
v 0.052827 -8.92558 15.6658
v -7.29305 -7.60897 22.2873
v -7.37279 -7.9418 22.047
v -7.48574 -8.11153 21.7069
v -7.63534 -7.68679 22.1448
v -6.98857 -7.77664 22.2583
v -7.5511 -7.40121 22.3551
v 6.04463 -3.19255 6.59474
v -5.18784 -1.79873 8.60734
v -0.188664 6.4818 -0.135738
v -0.288733 6.05565 -0.0957245
v -0.662634 5.82662 -0.0466062
v 4.55033 -6.92863 11.8796
v 3.92216 -6.9864 11.5205
v 3.7662 -7.0017 10.8408
v 4.19785 -6.33456 10.3421
v 3.61809 -6.61547 10.3469
v -8.74028 -0.508921 19.9391
v 0.0714616 -10.7418 20.8731
v 0.368733 -10.1879 20.999
v -0.0233516 -10.0967 20.6887
v -0.432933 -9.90681 20.7492
v -0.486788 -9.65837 21.0988
v 1.10572 -10.7632 21.0605
v -0.00245234 -10.3602 21.0011
v 0.105408 -9.92335 20.9932
v -0.235698 -10.3556 20.2659
v -0.551948 3.71339 -0.20449
v -1.11451 3.80134 0.0479935
v -1.50995 3.3476 0.307925
v -1.35994 2.66861 0.205727
v -1.2303 4.37057 0.121757
v -0.940986 4.86468 0.0762329
v -0.315376 4.85882 0.0266029
v -1.31415 4.74345 0.0125155
v -1.88685 4.64686 0.174593
v -2.45867 4.09687 0.28279
v -1.58431 4.47245 0.0180527
v -0.863377 4.0051 -0.231717
v -0.92693 3.62309 -0.240254
v -5.41198 6.03301 1.80651
v -2.00008 -10.2436 21.2545
v 2.25635 0.460088 2.17034
v 1.8267 -0.158416 2.42361
v 2.51281 -0.24786 2.80629
v -6.10454 4.22761 2.45744
v -6.53978 3.90455 3.02809
v -1.54213 -9.22112 21.296
v -1.34027 -9.37914 21.1529
v -7.07501 -8.23863 21.9312
v -6.99797 -8.33254 21.6585
v -6.90257 -8.55344 21.7701
v -6.85067 -8.78754 21.6299
v -5.58165 -6.15804 18.7674
v -6.17656 -6.17528 19.221
v -7.94848 0.977838 9.61321
v -7.88647 0.494983 10.0697
v -8.16274 1.51528 9.65194
v -8.73461 1.99393 10.268
v -8.40641 1.57872 10.7259
v -8.86143 2.14023 11.0264
v -8.66588 1.58767 11.3356
v -8.90184 2.15231 11.7838
v -8.91777 2.02316 12.8117
v 0.256685 0.97117 -0.424369
v 0.735452 1.16756 -0.147699
v -2.07203 -9.14966 21.6782
v -1.86474 -9.42497 21.5632
v -1.80895 -9.17216 21.6324
v -1.9517 -8.99763 21.5107
v -2.1278 -9.07624 21.1418
v -2.14267 -8.90706 21.6517
v -8.30387 5.95444 4.74679
v -7.59773 5.75638 4.10216
v -7.38477 4.75364 3.87327
v -1.21372 -4.34182 10.3401
v -1.94519 -3.81248 9.8957
v -6.20192 -8.8854 21.7387
v -6.4428 -8.9805 21.6118
v -6.2694 -8.9454 21.4653
v -6.51658 -9.41842 21.2395
v -6.79282 -9.10643 21.3468
v -3.80242 -7.51573 18.1683
v -4.09023 -6.58763 17.4531
v -4.22651 -7.7559 18.6945
v -4.98977 -7.63656 19.0076
v -3.32265 -8.04146 17.9917
v -3.94235 -7.22269 17.5872
v -3.59076 -6.95916 16.795
v -4.43524 -6.93523 17.8397
v -3.32936 -6.45955 16.2929
v -4.46789 -5.78682 17.054
v -4.71882 -6.93931 22.2349
v -4.60523 -7.19282 22.369
v -7.88513 1.30016 9.83185
v -7.93073 0.934375 10.0282
v -8.21069 0.839395 10.5718
v -7.26188 -5.2252 23.0778
v -7.42156 -4.9474 22.6036
v -7.05848 -5.24348 22.6533
v -6.74213 -5.37151 23.0717
v -6.7233 -5.37822 22.7071
v -6.27818 -5.31439 22.4904
v -7.44283 -5.32643 22.7341
v -7.8796 -5.99011 23.0158
v -7.64292 -5.16583 22.5505
v -7.89933 -4.78431 22.5253
v 2.03986 -7.51302 12.6541
v 2.13663 -7.85724 13.3276
v 1.61159 -7.95272 13.7321
v 2.68206 -7.42721 12.3183
v -6.88778 0.524843 6.51629
v -7.01446 1.00625 5.82917
v -6.90604 0.926009 6.27684
v -7.3853 1.24052 6.20513
v 3.99409 0.445737 2.68436
v -7.3703 -4.58352 21.2281
v -7.05641 -4.78558 21.4426
v -7.35437 -4.71915 21.5092
v -7.64411 -0.217383 8.34671
v -7.48295 -3.75556 22.4421
v -7.73378 -3.51662 22.3574
v -7.55328 -3.99781 22.6229
v -7.29355 -4.12337 22.5942
v -3.95725 -9.13857 19.8775
v -3.72488 -9.03879 20.4638
v -3.67648 0.596685 3.4627
v -5.66715 -6.65836 22.4901
v -5.5525 -6.2677 22.5503
v -5.88978 -5.90301 22.5781
v -6.23775 -6.11836 22.7668
v -5.79662 -6.16429 22.684
v -5.76634 -6.11231 22.3694
v 2.18604 8.0348 1.60495
v 1.59237 7.48063 1.4722
v 1.90655 8.71321 2.32113
v 2.53429 7.4407 2.21442
v 3.48034 7.88046 1.40877
v 5.28451 6.15959 2.14975
v 8.07014 6.32913 2.85976
v 4.91807 5.24749 1.56726
v 1.8604 7.89276 2.34636
v 2.80435 9.82544 3.31088
v 2.32012 8.27324 2.16539
v 5.25502 7.14375 0.398459
v 1.3667 8.38449 2.69964
v 2.14846 8.57439 3.26261
v 2.36828 7.81038 2.66128
v 2.62949 7.91345 2.26587
v 5.36656 4.8616 1.67408
v 5.67622 5.17107 2.29564
v 5.68328 4.83902 1.21942
v 5.14702 5.21823 2.08865
v 4.81122 4.90905 1.90697
v 4.28045 5.02199 1.49729
v 4.73573 4.89983 1.04576
v 5.68627 4.51898 1.5756
v 5.67747 4.75249 1.8988
v 5.97506 4.80514 2.26339
v 6.48643 4.7389 2.43307
v 6.51229 4.49159 2.92716
v 5.53471 4.74124 2.3848
v 6.35632 4.93848 2.03474
v 5.98568 4.51737 1.98873
v 6.17288 4.91775 2.57952
v 6.45518 4.82018 2.785
v 6.77844 4.95582 2.59563
v 6.79844 4.72136 2.881
v 6.89277 4.3667 3.18222
v 5.89667 4.80768 2.55156
v 6.26657 4.67428 2.20209
v 4.86783 5.24153 1.90077
v 4.68492 6.69875 1.31045
v 3.5754 6.57553 1.09801
v 2.06621 7.57633 1.9203
v -3.90115 -10.6889 20.9436
v -4.22433 -10.9288 20.9218
v -7.03736 -0.0101471 15.3183
v -7.03562 -0.433546 15.797
v -1.53038 -0.0248175 1.6818
v -1.51946 0.389427 1.29935
v -1.21786 0.373534 0.899751
v -1.2282 0.640977 0.345507
v -0.934517 0.0588774 0.722302
v -2.01847 5.30683 0.0615414
v -1.49437 5.81145 0.147338
v -2.54615 5.42333 0.135146
v -2.83557 5.91093 0.589128
v -1.76587 -4.81798 12.8865
v -1.29639 -5.08927 12.5718
v -3.11987 -3.61937 11.9911
v -3.61612 -3.03752 11.6113
v -4.07419 -2.51109 11.1604
v -4.42667 -1.94201 11.3555
v -4.8598 -2.00221 11.9362
v -5.1406 -1.88058 11.2844
v -5.37333 -9.46288 21.5797
v 0.740544 6.9511 -0.196945
v 0.896833 7.17699 -0.12363
v -3.35439 -8.19929 22.0605
v -0.281414 -9.79393 20.9596
v -0.268773 -9.74939 21.2219
v -0.496482 -9.92402 21.2078
v -0.50975 -10.3914 21.0665
v -0.77289 -9.71557 21.3126
v -0.110788 -9.82415 21.0917
v -5.04846 -9.86577 21.4014
v 4.57723 5.28336 1.25401
v 5.1926 5.05305 0.309932
v 4.53647 5.27827 1.64189
v 4.487 5.57639 1.44449
v 4.01642 7.2134 1.46403
v 3.46595 7.15843 2.26675
v 3.03263 7.50236 2.75572
v 2.23298 8.3684 2.72903
v 3.28076 7.09989 1.54376
v 3.10957 7.60404 1.93437
v 2.88722 7.08247 1.95193
v 3.3006 6.85077 1.94643
v 4.9503 5.9906 0.684837
v 4.33191 5.39523 0.335989
v 4.29219 5.12441 0.812207
v 3.03157 6.61032 1.32628
v 2.98459 5.74058 0.218753
v 3.13366 6.26244 0.857923
v 2.7808 5.87095 0.551668
v 3.04094 6.81469 1.65802
v 3.46309 6.59445 1.56886
v 4.77432 5.56197 1.72182
v 5.9423 7.56997 1.77885
v 4.67153 5.3998 1.46157
v 4.57497 5.49981 1.63834
v -2.06104 6.99888 0.525501
v -1.30644 7.37926 0.437143
v -2.63975 7.39093 0.943946
v 1.63921 -10.4133 20.4377
v 2.08312 -10.148 20.5784
v 2.51244 -10.1857 20.2895
v 2.50006 -10.6067 20.0171
v 1.18102 -10.3735 20.7058
v 1.9754 -10.4179 20.4065
v -7.72828 4.16215 4.81325
v -8.35022 4.57537 5.47438
v -7.57241 3.24435 4.82433
v -8.16327 1.40201 15.0406
v -8.55853 1.46851 15.6831
v -9.4274 2.256 15.8808
v -8.26062 0.938906 16.3652
v -8.0182 0.0748548 16.6644
v -7.96793 0.410122 16.0964
v -9.55921 1.94953 16.637
v -9.11186 1.74386 16.1799
v -9.96434 -1.52444 20.4327
v -12.4855 -1.07849 20.2233
v -13.2885 -1.58022 19.9695
v -12.526 -0.340183 20.0796
v -12.4948 0.867424 18.9834
v -12.8631 -1.24719 19.8582
v -12.7369 -1.49558 20.2592
v -6.59983 -5.41591 19.423
v -6.50957 -5.0086 19.1235
v -7.78827 0.616452 9.697
v -7.77823 0.216936 9.78851
v -1.96632 -8.98237 21.71
v -4.25411 -10.6757 21.0805
v -4.71914 -10.4654 21.0947
v -4.09182 -10.487 21.0119
v -4.06945 -10.8046 21.0449
v -4.14472 -10.5533 21.1901
v -3.97383 -10.8885 20.8513
v -4.4919 -10.5816 21.0789
v -4.55853 -10.2474 21.0702
v -4.67568 -9.98124 21.173
v -4.82493 -10.0598 21.3334
v -4.43378 -10.0508 21.1661
v 1.61809 6.71452 0.291562
v 1.72007 6.92717 0.294507
v 2.04859 6.77589 0.372565
v 1.88906 6.64859 0.417804
v 1.24856 6.59107 0.0655625
v 1.14028 6.8248 0.0596314
v -6.27857 -9.32508 21.4289
v -6.46552 -9.12328 21.3706
v -6.0144 -8.95264 21.4863
v -6.68097 -8.99409 21.5393
v 8.41909 1.21468 7.34464
v 8.46269 3.4579 7.22283
v 7.93935 0.513239 6.3654
v 2.44774 6.66114 0.911108
v 2.03259 7.14418 1.31733
v -0.946122 9.46224 3.44267
v -0.370773 8.38922 1.91577
v -1.08099 -11.2327 20.8733
v -0.972244 -10.7997 21.0098
v 1.43565 6.59159 0.0317563
v 1.54911 6.41594 -0.0583404
v -6.7259 -6.41336 23.2253
v -6.65118 -6.53838 24.3451
v -5.8623 -5.77725 23.8743
v -5.41642 -9.11566 21.4732
v -5.5779 -9.32182 21.3697
v 7.02149 5.01372 2.86587
v 3.02237 7.26106 2.35891
v 2.39944 7.24628 1.78858
v 2.20461 7.67315 2.2955
v 2.76652 7.48929 2.49865
v 2.77098 7.91766 3.06457
v 2.63089 7.2493 1.99256
v 2.82373 7.42237 2.22221
v 3.13194 7.67273 2.37763
v 3.68351 5.94221 0.988911
v 3.72431 5.39997 1.09919
v 4.06972 5.44849 0.898454
v 3.34165 5.9062 0.724917
v 2.37255 -9.41188 20.8798
v 2.0676 7.33039 1.6392
v 2.29519 7.12319 1.50692
v 2.41382 7.37554 2.00366
v 2.36707 7.6419 1.61629
v 2.90129 7.20362 2.15921
v 3.21933 7.3113 2.08023
v 3.13296 7.09745 2.19411
v 2.8871 7.39779 1.92652
v 3.32048 7.26092 2.62319
v 3.84082 7.73412 2.47685
v 3.14763 7.44128 2.51799
v 3.4677 7.68784 2.76399
v 4.02174 7.07161 2.7412
v 3.952 6.63126 2.17161
v 3.31624 7.43396 2.89756
v 3.34351 6.96388 2.16624
v 3.97304 7.13472 2.23909
v 3.74365 7.32511 2.54265
v 3.80508 7.42343 3.03798
v 3.712 6.87419 2.34914
v 3.69712 7.00928 1.96072
v 3.51774 6.90643 1.69134
v 4.09086 7.49364 2.72737
v 3.41492 7.14644 1.88221
v 3.57202 6.80401 2.11211
v 3.29672 6.76188 1.6977
v 3.39078 6.84754 1.42721
v 3.25155 6.66407 1.48585
v 3.24785 7.16507 2.4048
v 3.21961 7.37502 2.30543
v 2.95002 7.43731 2.57794
v 3.05432 7.63057 2.57874
v 3.18776 7.38583 2.70618
v 2.99111 7.48498 2.36078
v 3.38565 7.51008 2.59404
v 3.86577 7.06742 2.49845
v 4.11502 6.75507 2.51522

# 2134 facets
# ------------------------------------------

f  907 909 908
f  454 238 576
f  828 825 824
f  672 348 665
f  925 165 924
f  141 251 243
f  1214 141 243
f  277 276 130
f  255 149 254
f  1109 1101 1108
f  1038 473 355
f  1038 356 473
f  1030 874 872
f  557 352 562
f  557 562 350
f  761 509 487
f  386 410 384
f  144 26 126
f  882 88 53
f  1069 1068 558
f  1070 1068 1069
f  803 118 804
f  103 232 76
f  531 409 192
f  249 51 248
f  161 222 79
f  596 598 605
f  96 97 1027
f  680 950 951
f  898 899 902
f  427 1058 1057
f  356 284 684
f  682 689 690
f  506 1148 503
f  91 100 102
f  91 102 101
f  162 110 235
f  1079 365 445
f  241 225 79
f  1004 874 1003
f  250 248 247
f  925 819 165
f  166 819 925
f  876 1000 877
f  391 475 387
f  162 108 163
f  162 235 108
f  966 307 185
f  985 270 984
f  985 984 272
f  864 1177 70
f  86 885 881
f  880 86 881
f  647 175 31
f  647 31 650
f  242 150 246
f  799 938 936
f  264 265 109
f  640 736 737
f  1193 1194 3
f  113 1194 1193
f  1035 1040 1039
f  1035 1039 1041
f  213 214 215
f  1155 1154 393
f  288 1042 92
f  27 995 178
f  27 178 749
f  8 317 318
f  1114 825 828
f  296 345 183
f  905 904 44
f  281 782 291
f  810 699 697
f  255 254 148
f  359 362 411
f  168 31 169
f  168 169 63
f  302 770 13
f  105 150 633
f  411 193 412
f  48 703 723
f  48 723 635
f  261 262 108
f  163 108 262
f  145 144 126
f  55 910 908
f  898 908 910
f  847 273 342
f  181 656 655
f  799 936 805
f  75 952 343
f  950 952 75
f  306 305 307
f  43 306 307
f  449 1052 447
f  168 36 210
f  168 210 31
f  305 304 212
f  305 212 185
f  195 336 337
f  195 337 184
f  675 90 750
f  176 645 643
f  65 643 645
f  46 97 96
f  109 265 17
f  1066 109 17
f  203 964 965
f  186 965 964
f  647 650 177
f  292 291 1243
f  664 347 665
f  204 58 205
f  645 176 648
f  1042 282 1040
f  1042 1040 92
f  8 329 316
f  231 186 187
f  231 187 319
f  142 242 246
f  716 804 118
f  560 561 1211
f  560 559 561
f  121 471 470
f  83 224 21
f  83 249 224
f  290 42 283
f  83 21 1028
f  884 461 122
f  319 318 77
f  321 77 318
f  287 320 687
f  587 588 589
f  787 845 961
f  981 119 269
f  23 160 225
f  903 896 57
f  771 770 300
f  167 36 168
f  167 168 63
f  670 114 37
f  667 114 670
f  918 920 919
f  1064 1065 1066
f  282 283 42
f  687 680 679
f  287 687 679
f  1141 1140 46
f  1141 102 1140
f  272 963 962
f  762 770 302
f  727 1135 120
f  88 89 53
f  154 884 122
f  730 266 1016
f  316 93 315
f  952 320 343
f  699 158 697
f  217 745 746
f  91 288 676
f  283 288 91
f  118 810 811
f  83 97 98
f  83 1028 97
f  244 142 245
f  1029 866 868
f  546 540 424
f  72 1034 1039
f  1038 1034 72
f  643 65 228
f  103 102 104
f  46 99 97
f  447 1054 1081
f  45 902 899
f  96 214 95
f  51 1144 1145
f  101 102 103
f  221 39 805
f  95 104 96
f  46 96 104
f  103 104 95
f  674 676 20
f  90 674 20
f  653 657 654
f  653 648 657
f  169 31 175
f  117 34 125
f  59 226 182
f  59 182 216
f  108 235 264
f  1238 1237 33
f  782 275 291
f  258 147 261
f  262 261 147
f  147 1007 1009
f  83 1144 249
f  1134 1133 718
f  1135 1133 1134
f  667 133 666
f  670 133 667
f  1004 872 874
f  456 455 41
f  456 352 455
f  20 678 236
f  611 579 780
f  780 579 586
f  161 708 706
f  725 706 708
f  723 159 721
f  467 465 464
f  1015 52 152
f  142 250 247
f  245 142 247
f  832 833 561
f  832 562 833
f  342 782 787
f  844 1232 839
f  556 659 540
f  556 540 546
f  224 241 341
f  980 981 269
f  767 769 19
f  158 698 697
f  1137 298 273
f  944 372 406
f  99 1142 98
f  70 271 853
f  32 818 819
f  138 274 276
f  138 276 277
f  1132 717 1131
f  681 689 692
f  111 253 258
f  252 253 111
f  862 859 860
f  86 884 154
f  86 154 779
f  89 458 53
f  406 372 405
f  803 802 704
f  993 581 602
f  483 515 481
f  224 225 241
f  224 84 225
f  963 847 962
f  570 1073 572
f  570 572 421
f  335 157 162
f  522 1029 865
f  466 468 22
f  656 65 655
f  60 979 270
f  153 997 998
f  1028 21 82
f  532 528 379
f  726 700 50
f  968 211 58
f  631 49 149
f  631 149 632
f  120 1135 1134
f  127 145 135
f  249 84 224
f  275 782 342
f  883 1144 1143
f  380 527 993
f  668 3 1194
f  668 1024 3
f  1200 459 448
f  1008 143 1048
f  1196 463 462
f  1195 1193 115
f  113 1193 1195
f  145 130 144
f  985 60 270
f  496 627 1251
f  783 782 281
f  567 438 1054
f  41 453 452
f  50 704 794
f  657 646 654
f  657 648 646
f  121 470 1015
f  901 899 914
f  1011 146 1013
f  250 87 248
f  458 460 1130
f  458 1130 53
f  246 150 87
f  106 256 257
f  635 106 257
f  96 59 214
f  135 1025 669
f  54 772 302
f  156 37 157
f  162 157 37
f  292 140 291
f  934 221 805
f  934 932 221
f  818 33 165
f  700 158 699
f  702 733 158
f  702 158 700
f  1233 1031 870
f  1234 1031 1233
f  82 227 59
f  41 455 453
f  1239 1237 9
f  835 350 832
f  835 832 561
f  166 32 819
f  1120 817 831
f  300 770 762
f  896 207 907
f  539 453 537
f  304 296 212
f  214 59 215
f  9 771 300
f  221 220 78
f  274 1185 1184
f  274 1184 1186
f  679 286 289
f  679 289 287
f  115 11 1195
f  219 66 218
f  217 747 744
f  66 744 747
f  211 183 195
f  211 195 58
f  290 289 286
f  411 410 193
f  493 869 503
f  307 305 185
f  185 968 966
f  614 1224 619
f  684 691 285
f  685 684 285
f  875 876 524
f  763 30 762
f  772 763 762
f  867 484 501
f  407 388 390
f  197 767 940
f  276 274 1186
f  637 652 176
f  451 545 789
f  537 545 451
f  933 64 932
f  895 890 44
f  326 328 200
f  892 917 918
f  330 194 200
f  330 318 194
f  326 325 328
f  782 848 787
f  779 245 155
f  493 444 865
f  822 1114 828
f  765 768 769
f  765 769 767
f  640 737 227
f  640 227 82
f  329 93 316
f  453 629 423
f  739 629 453
f  384 410 409
f  589 595 612
f  590 780 586
f  350 562 832
f  1179 1291 1288
f  798 801 799
f  172 799 801
f  699 803 700
f  758 759 313
f  272 962 846
f  737 226 227
f  161 79 160
f  225 160 79
f  303 213 304
f  703 159 723
f  250 246 87
f  250 142 246
f  528 1018 527
f  1014 47 1012
f  1013 1014 1012
f  983 984 270
f  983 986 984
f  306 43 308
f  303 306 308
f  233 232 229
f  568 572 1074
f  259 261 108
f  258 261 259
f  222 39 221
f  222 221 78
f  161 39 222
f  1142 1143 98
f  880 88 882
f  880 882 86
f  811 810 697
f  196 651 650
f  196 67 651
f  702 159 703
f  31 210 196
f  31 196 650
f  644 653 654
f  226 81 228
f  226 228 65
f  76 230 323
f  203 967 777
f  204 777 967
f  76 232 233
f  76 233 230
f  252 148 254
f  252 111 148
f  17 265 113
f  683 694 693
f  739 454 629
f  738 454 739
f  88 236 89
f  88 20 236
f  409 362 192
f  22 137 156
f  400 395 73
f  978 395 400
f  504 1251 1252
f  561 1212 1211
f  567 563 369
f  320 344 343
f  660 519 491
f  800 161 706
f  253 251 141
f  752 523 1044
f  428 752 1044
f  114 667 668
f  1194 114 668
f  721 160 23
f  635 634 106
f  76 323 287
f  76 287 289
f  970 976 971
f  635 723 721
f  635 721 23
f  936 938 178
f  812 696 811
f  116 696 812
f  544 549 543
f  887 202 886
f  893 886 202
f  1197 463 1196
f  123 1197 1196
f  476 379 751
f  614 618 476
f  373 591 588
f  1200 1201 460
f  464 94 52
f  152 52 94
f  471 146 28
f  471 121 146
f  471 122 470
f  122 461 462
f  122 462 470
f  334 152 94
f  455 739 453
f  738 739 455
f  94 333 334
f  1038 355 1034
f  424 548 549
f  541 549 548
f  567 1054 351
f  1053 351 1054
f  112 1048 1011
f  112 1011 1010
f  333 22 332
f  332 22 156
f  157 332 156
f  333 466 22
f  577 478 477
f  467 464 555
f  479 365 442
f  357 630 473
f  1002 489 519
f  391 403 475
f  1182 1159 1092
f  372 476 439
f  479 445 365
f  373 582 580
f  534 576 661
f  535 534 661
f  483 481 486
f  501 484 494
f  481 443 486
f  359 411 412
f  369 563 838
f  1069 838 563
f  1007 147 253
f  1007 253 141
f  415 390 429
f  407 390 415
f  407 360 403
f  315 685 316
f  408 492 363
f  493 495 444
f  480 442 492
f  488 513 956
f  491 364 480
f  956 513 954
f  516 515 483
f  487 490 364
f  569 425 663
f  751 614 476
f  7 359 375
f  484 492 494
f  444 495 415
f  443 415 429
f  754 266 730
f  754 730 756
f  349 1212 834
f  315 74 685
f  628 465 466
f  705 1078 793
f  794 793 1078
f  439 627 505
f  618 439 476
f  408 496 494
f  494 496 501
f  626 493 503
f  1106 1161 1105
f  473 356 474
f  635 23 634
f  408 405 505
f  580 592 591
f  1030 866 1029
f  616 404 617
f  505 405 439
f  755 754 756
f  94 628 333
f  875 524 310
f  616 615 404
f  80 357 473
f  80 473 474
f  80 474 314
f  314 474 74
f  313 759 315
f  500 439 618
f  613 477 404
f  402 383 878
f  742 174 994
f  63 173 996
f  995 996 173
f  394 876 392
f  573 1072 565
f  611 781 778
f  501 496 504
f  663 425 662
f  616 623 615
f  27 745 994
f  748 745 27
f  1148 623 625
f  283 91 101
f  99 98 97
f  40 834 678
f  40 678 1043
f  242 142 243
f  244 243 142
f  265 110 113
f  225 634 23
f  427 1055 1049
f  1076 7 357
f  106 149 256
f  255 256 149
f  1151 943 382
f  1151 382 944
f  796 706 707
f  1065 1063 107
f  1066 1065 107
f  264 235 265
f  631 632 150
f  259 260 111
f  111 260 148
f  634 105 633
f  331 163 1010
f  1048 146 1011
f  260 107 148
f  109 107 260
f  146 1048 143
f  263 109 260
f  263 260 259
f  235 110 265
f  440 1049 449
f  263 264 109
f  108 264 263
f  259 108 263
f  111 258 259
f  731 714 715
f  731 719 714
f  840 845 857
f  987 988 299
f  268 278 982
f  267 982 278
f  876 875 392
f  992 145 126
f  850 851 1230
f  675 750 99
f  271 60 985
f  72 1040 282
f  284 72 282
f  345 346 216
f  1132 735 718
f  85 99 750
f  85 1142 99
f  937 178 929
f  935 937 929
f  524 525 310
f  1022 525 524
f  749 728 746
f  932 64 220
f  267 731 982
f  267 753 731
f  50 794 707
f  180 217 746
f  575 1068 370
f  852 859 862
f  271 70 219
f  733 702 703
f  508 623 506
f  317 343 344
f  687 320 952
f  950 687 952
f  496 408 505
f  8 316 317
f  803 704 700
f  201 189 324
f  101 290 283
f  356 684 74
f  474 356 74
f  101 76 289
f  101 289 290
f  101 103 76
f  700 704 50
f  680 286 679
f  288 92 677
f  288 677 676
f  287 322 320
f  798 161 800
f  39 161 798
f  720 721 159
f  720 160 721
f  296 183 212
f  291 275 1243
f  345 215 346
f  296 215 345
f  296 213 215
f  1126 1086 1093
f  808 71 199
f  33 1237 1239
f  1097 1093 140
f  1110 1115 1122
f  1139 26 298
f  1139 298 1138
f  685 285 951
f  681 951 285
f  926 36 167
f  204 205 19
f  204 19 776
f  181 651 67
f  181 67 941
f  559 835 561
f  764 769 768
f  764 766 769
f  317 344 321
f  796 705 709
f  711 701 713
f  710 701 711
f  303 308 229
f  305 306 303
f  305 303 304
f  702 700 726
f  727 728 179
f  1086 1241 784
f  72 284 356
f  354 1037 353
f  1036 355 630
f  208 396 400
f  1223 620 1224
f  395 394 392
f  1109 1104 1101
f  886 187 887
f  1063 257 256
f  307 1062 43
f  1059 43 1062
f  774 909 207
f  318 319 194
f  917 920 918
f  694 42 682
f  694 682 693
f  317 321 318
f  27 994 995
f  920 327 921
f  886 893 194
f  319 886 194
f  627 500 624
f  200 893 188
f  200 188 922
f  1189 1188 1192
f  202 890 895
f  202 887 890
f  889 896 903
f  889 903 904
f  923 921 327
f  629 454 534
f  629 534 423
f  330 328 329
f  330 329 8
f  200 328 330
f  8 318 330
f  335 162 163
f  335 163 331
f  334 333 332
f  331 157 335
f  331 332 157
f  334 332 331
f  819 818 165
f  765 301 768
f  38 301 765
f  914 910 55
f  86 779 155
f  1027 1028 82
f  97 1028 1027
f  1184 1185 273
f  224 341 21
f  855 844 850
f  316 343 317
f  363 442 414
f  323 230 1061
f  320 321 344
f  320 322 321
f  1062 231 1059
f  1060 1059 231
f  183 216 336
f  183 345 216
f  183 336 195
f  58 195 184
f  969 453 539
f  452 453 969
f  391 388 407
f  59 216 346
f  59 227 226
f  59 346 215
f  65 645 644
f  65 644 655
f  402 878 1156
f  638 637 228
f  638 228 81
f  313 401 757
f  410 411 362
f  1034 1036 354
f  492 442 363
f  577 477 586
f  363 414 413
f  484 867 871
f  617 477 475
f  414 365 428
f  356 1038 72
f  208 397 396
f  591 592 593
f  686 682 42
f  290 686 42
f  615 612 404
f  515 444 481
f  210 36 38
f  210 38 959
f  496 505 627
f  620 508 621
f  688 682 686
f  468 137 22
f  463 52 462
f  470 462 52
f  633 150 632
f  633 632 149
f  375 353 1037
f  531 943 946
f  1007 141 1213
f  370 1069 563
f  1235 504 870
f  199 743 66
f  959 197 210
f  587 614 751
f  845 787 848
f  1127 1218 593
f  1015 152 1014
f  489 533 519
f  1092 1180 1182
f  893 200 194
f  558 838 1069
f  41 457 456
f  373 580 591
f  414 442 365
f  532 529 528
f  1019 879 383
f  490 367 445
f  438 1081 1054
f  896 907 898
f  590 586 1220
f  489 487 533
f  781 597 605
f  312 310 311
f  359 358 362
f  1083 1082 1081
f  1083 446 1082
f  409 410 362
f  493 868 869
f  18 1006 353
f  560 1006 18
f  395 392 73
f  947 406 413
f  386 193 410
f  406 405 363
f  533 487 364
f  1083 1084 1080
f  1083 1080 446
f  388 391 387
f  379 528 582
f  311 310 525
f  876 877 524
f  431 368 430
f  582 528 380
f  972 971 977
f  976 977 971
f  758 313 757
f  208 401 93
f  313 93 401
f  208 329 191
f  878 1000 394
f  1156 878 394
f  372 379 476
f  1001 517 520
f  191 329 328
f  399 191 328
f  325 399 328
f  188 913 922
f  399 325 324
f  201 324 325
f  1187 209 1191
f  976 393 977
f  396 978 400
f  1152 977 1157
f  972 977 1152
f  490 445 479
f  364 490 479
f  1074 572 1072
f  573 1074 1072
f  855 850 1227
f  414 428 1045
f  730 120 756
f  408 363 405
f  391 407 403
f  943 942 382
f  943 531 942
f  680 951 681
f  680 681 692
f  355 473 630
f  413 406 363
f  412 375 359
f  412 376 375
f  432 443 429
f  360 407 495
f  376 412 193
f  376 193 368
f  954 520 957
f  431 1080 1084
f  479 480 364
f  429 416 433
f  238 557 575
f  481 444 443
f  368 193 430
f  1035 1041 40
f  1035 40 1043
f  286 686 290
f  688 686 286
f  372 532 379
f  430 193 386
f  944 406 945
f  527 1019 383
f  484 480 492
f  866 869 868
f  566 662 576
f  663 662 566
f  1243 275 138
f  110 37 114
f  535 425 538
f  592 600 596
f  544 554 14
f  1202 544 14
f  1130 460 1129
f  1130 1129 53
f  554 555 14
f  480 484 491
f  404 477 617
f  445 367 446
f  123 462 461
f  494 492 408
f  464 465 628
f  464 628 94
f  369 438 567
f  974 1156 394
f  1154 1156 974
f  443 444 415
f  491 519 364
f  414 437 413
f  386 384 437
f  382 532 944
f  526 999 879
f  1001 1002 517
f  1003 517 1002
f  405 372 439
f  493 865 868
f  516 483 517
f  479 442 480
f  570 566 1073
f  1211 1212 349
f  1223 1226 589
f  89 456 457
f  460 123 461
f  1251 627 624
f  504 496 1251
f  495 407 415
f  521 444 515
f  155 247 1147
f  245 247 155
f  471 28 154
f  122 471 154
f  452 556 546
f  214 792 95
f  89 457 458
f  534 454 576
f  236 456 89
f  237 456 236
f  750 881 85
f  459 457 41
f  794 704 793
f  421 569 570
f  1050 351 1051
f  616 625 623
f  509 490 487
f  490 509 367
f  376 368 18
f  253 147 258
f  141 1214 1213
f  1008 1213 1214
f  535 426 536
f  423 535 536
f  1058 421 568
f  763 764 30
f  939 184 941
f  483 486 957
f  256 107 1063
f  148 107 256
f  308 43 1059
f  1072 572 1073
f  1072 1073 565
f  565 566 238
f  1073 566 565
f  400 73 401
f  757 401 73
f  493 626 495
f  973 394 395
f  953 956 954
f  489 954 487
f  489 955 954
f  517 483 520
f  516 521 515
f  867 872 871
f  522 521 516
f  392 875 760
f  1045 428 1044
f  1045 1044 386
f  428 365 436
f  523 436 431
f  430 523 431
f  532 372 944
f  178 179 749
f  88 90 20
f  88 880 90
f  362 358 1077
f  528 527 380
f  528 1023 1018
f  531 192 530
f  877 1000 999
f  529 381 1023
f  528 529 1023
f  579 583 577
f  519 533 364
f  530 192 525
f  375 1037 7
f  523 430 1044
f  381 530 525
f  946 384 409
f  529 530 381
f  214 213 792
f  352 557 238
f  538 425 569
f  1049 1051 1052
f  1055 1051 1049
f  470 52 1015
f  1035 1043 92
f  1035 92 1040
f  548 424 540
f  548 540 451
f  18 559 560
f  539 537 451
f  146 143 28
f  730 1016 729
f  689 682 688
f  978 396 972
f  836 558 350
f  482 519 660
f  662 661 576
f  425 661 662
f  370 564 573
f  152 47 1014
f  334 47 152
f  1045 386 437
f  414 1045 437
f  458 457 459
f  458 459 1200
f  459 547 448
f  452 547 459
f  41 452 459
f  546 424 547
f  452 546 547
f  792 213 303
f  229 792 303
f  996 174 63
f  573 575 370
f  352 456 562
f  237 562 456
f  1060 231 319
f  229 232 792
f  1047 1213 1008
f  1047 1007 1213
f  545 422 789
f  1201 123 460
f  543 554 544
f  792 232 95
f  103 95 232
f  692 689 688
f  18 368 571
f  61 927 1067
f  571 837 559
f  18 571 559
f  566 576 238
f  1053 1052 1051
f  567 564 563
f  358 7 1076
f  568 421 572
f  369 368 438
f  571 368 369
f  783 281 844
f  77 1060 319
f  369 837 571
f  1050 568 574
f  351 564 567
f  833 237 834
f  1212 833 834
f  575 565 238
f  573 565 575
f  534 535 423
f  780 781 611
f  380 602 580
f  595 477 613
f  845 848 1149
f  612 613 404
f  590 781 780
f  586 477 595
f  953 450 958
f  582 380 580
f  778 781 605
f  583 478 577
f  1046 1009 1007
f  112 1009 1046
f  436 523 752
f  428 436 752
f  753 754 755
f  267 754 753
f  577 586 579
f  1151 944 945
f  1252 1251 624
f  593 592 596
f  403 617 475
f  621 619 620
f  612 595 613
f  312 311 80
f  192 1077 525
f  311 525 1077
f  589 1220 595
f  578 583 579
f  602 600 580
f  597 596 605
f  394 1000 876
f  711 712 309
f  759 74 315
f  607 606 581
f  601 583 578
f  601 584 583
f  598 596 600
f  598 600 606
f  606 600 602
f  581 606 602
f  312 80 314
f  580 600 592
f  607 598 606
f  620 1217 1225
f  374 598 607
f  377 610 581
f  746 745 748
f  448 547 472
f  313 315 93
f  208 93 329
f  208 400 401
f  760 310 312
f  460 461 1129
f  578 579 611
f  743 199 742
f  61 742 199
f  995 994 996
f  174 996 994
f  513 761 487
f  626 360 495
f  1161 1123 1105
f  1149 848 839
f  360 625 616
f  360 616 617
f  360 617 403
f  619 618 614
f  500 618 619
f  500 619 621
f  333 628 466
f  358 359 7
f  781 596 597
f  1199 448 472
f  1200 448 1199
f  875 310 760
f  588 1218 589
f  500 621 624
f  625 626 503
f  360 626 625
f  439 500 627
f  502 870 504
f  502 504 1252
f  357 7 630
f  574 564 351
f  574 351 1050
f  181 655 658
f  242 631 150
f  1012 47 1010
f  331 1010 47
f  225 105 634
f  106 633 149
f  106 634 633
f  631 636 49
f  242 636 631
f  636 251 49
f  636 243 251
f  242 243 636
f  1051 351 1053
f  78 642 639
f  78 638 642
f  78 220 637
f  78 637 638
f  81 737 736
f  175 649 64
f  223 341 241
f  223 241 79
f  222 639 223
f  222 223 79
f  222 78 639
f  637 176 643
f  228 637 643
f  223 639 21
f  223 21 341
f  21 640 82
f  124 1137 963
f  21 639 640
f  226 737 81
f  933 170 175
f  169 175 170
f  352 738 455
f  196 210 197
f  337 656 181
f  655 644 654
f  648 176 649
f  645 653 644
f  645 648 653
f  646 648 649
f  646 175 647
f  646 649 175
f  654 646 647
f  654 647 177
f  1136 298 1137
f  551 536 426
f  730 729 728
f  196 197 67
f  176 652 649
f  299 125 1138
f  988 125 299
f  652 637 220
f  658 655 177
f  651 177 650
f  651 658 177
f  654 177 655
f  337 182 656
f  336 182 337
f  216 182 336
f  65 656 182
f  226 65 182
f  540 659 451
f  539 451 659
f  491 484 660
f  482 871 872
f  954 1001 520
f  980 990 991
f  535 661 425
f  570 663 566
f  569 663 570
f  666 347 131
f  665 347 666
f  670 37 156
f  671 127 669
f  135 669 127
f  667 666 668
f  668 666 131
f  162 37 110
f  110 114 1194
f  110 1194 113
f  1025 1026 3
f  1024 1025 3
f  669 1025 1024
f  135 153 1025
f  1195 17 113
f  865 1029 868
f  133 672 666
f  665 666 672
f  156 137 673
f  137 129 348
f  673 137 348
f  664 348 129
f  670 156 673
f  670 673 133
f  672 673 348
f  672 133 673
f  664 665 348
f  675 99 100
f  675 100 91
f  705 795 1078
f  794 1078 795
f  676 674 91
f  675 91 674
f  675 674 90
f  187 234 888
f  187 888 887
f  245 779 28
f  531 946 409
f  20 676 677
f  20 677 678
f  319 187 886
f  680 687 950
f  28 244 245
f  118 811 696
f  118 696 695
f  685 74 684
f  711 309 710
f  483 957 520
f  745 198 994
f  742 994 198
f  284 42 694
f  284 282 42
f  845 846 961
f  342 787 961
f  39 798 799
f  680 692 286
f  692 688 286
f  342 961 847
f  284 683 684
f  691 684 683
f  691 690 285
f  691 693 690
f  693 691 683
f  689 285 690
f  689 681 285
f  705 793 701
f  284 694 683
f  11 812 697
f  811 697 812
f  812 11 115
f  727 179 1135
f  717 1135 179
f  436 365 1079
f  725 707 706
f  709 705 710
f  756 120 755
f  710 705 701
f  800 801 798
f  710 309 709
f  847 1137 273
f  986 989 987
f  218 266 278
f  652 64 649
f  35 724 715
f  35 714 735
f  35 715 714
f  808 66 219
f  722 725 708
f  795 705 796
f  795 796 707
f  1133 1132 718
f  717 1132 1133
f  39 799 805
f  35 713 724
f  32 817 818
f  804 802 803
f  701 802 804
f  1245 1155 741
f  170 63 169
f  220 64 652
f  931 935 929
f  140 281 291
f  1079 445 446
f  720 159 722
f  720 722 708
f  720 708 160
f  161 160 708
f  50 707 725
f  801 800 797
f  309 801 797
f  702 726 722
f  159 702 722
f  726 725 722
f  725 726 50
f  278 266 754
f  853 271 840
f  44 890 905
f  888 905 890
f  746 728 180
f  120 728 727
f  120 730 728
f  278 754 267
f  309 797 709
f  800 706 797
f  717 179 732
f  695 696 116
f  377 402 1245
f  712 711 35
f  712 35 735
f  35 711 713
f  638 641 642
f  642 641 639
f  640 639 641
f  736 640 641
f  225 84 105
f  734 740 48
f  734 48 698
f  733 703 740
f  537 453 423
f  980 269 983
f  980 983 990
f  402 1156 1154
f  352 238 454
f  352 454 738
f  81 736 641
f  638 81 641
f  1064 1066 17
f  734 733 740
f  158 733 734
f  158 734 698
f  1155 402 1154
f  995 173 178
f  743 744 66
f  744 743 198
f  742 198 743
f  695 116 997
f  745 744 198
f  1026 998 115
f  221 932 220
f  217 744 745
f  217 218 747
f  66 747 218
f  179 728 749
f  748 749 746
f  748 27 749
f  104 1141 46
f  104 102 1141
f  1145 1146 1147
f  1145 1147 51
f  753 755 719
f  753 719 731
f  314 74 759
f  119 731 715
f  312 314 758
f  312 758 757
f  314 759 758
f  73 392 760
f  607 581 610
f  374 607 610
f  374 610 608
f  1245 402 1155
f  73 760 757
f  757 760 312
f  338 766 764
f  338 911 766
f  1086 281 140
f  30 301 300
f  30 300 762
f  205 767 19
f  206 766 911
f  271 272 846
f  784 281 1086
f  337 181 941
f  337 941 184
f  769 766 19
f  777 204 776
f  837 558 836
f  559 837 836
f  963 1137 847
f  857 843 858
f  397 1191 396
f  922 913 921
f  772 762 302
f  895 891 894
f  202 895 894
f  339 54 302
f  339 340 54
f  889 904 905
f  967 966 968
f  967 203 966
f  777 776 775
f  764 768 30
f  768 301 30
f  56 777 775
f  56 203 777
f  54 763 772
f  45 899 340
f  831 32 827
f  815 33 818
f  938 179 178
f  732 179 938
f  713 716 724
f  716 695 724
f  118 695 716
f  928 32 166
f  249 248 960
f  693 682 690
f  728 729 180
f  1017 1016 266
f  218 1017 266
f  942 531 530
f  298 1136 1138
f  213 296 304
f  87 960 248
f  170 930 63
f  173 63 930
f  66 808 199
f  794 795 707
f  1189 398 1190
f  1189 1192 398
f  793 704 802
f  701 793 802
f  797 796 709
f  797 706 796
f  987 269 988
f  987 989 269
f  240 771 9
f  782 783 848
f  234 964 56
f  186 964 234
f  701 804 716
f  713 701 716
f  699 118 803
f  810 118 699
f  983 989 986
f  164 9 301
f  1239 9 164
f  929 173 930
f  929 930 931
f  771 13 770
f  806 1263 1262
f  806 1262 1264
f  1263 808 807
f  827 32 928
f  301 9 300
f  1240 1176 297
f  905 906 889
f  906 207 889
f  830 1101 1092
f  824 825 1103
f  1242 138 277
f  1257 1260 1088
f  831 817 32
f  1102 1113 1104
f  1102 1104 1109
f  1202 14 1198
f  834 236 678
f  836 350 835
f  559 836 835
f  237 236 834
f  369 838 837
f  558 837 838
f  731 119 982
f  203 56 964
f  943 1151 945
f  1140 99 46
f  1140 100 99
f  845 840 846
f  962 961 846
f  850 784 851
f  1017 217 180
f  1017 729 1016
f  1017 180 729
f  271 219 60
f  219 218 60
f  218 217 1017
f  124 984 986
f  963 984 124
f  1140 102 100
f  962 847 961
f  271 846 840
f  660 484 871
f  861 840 1231
f  1057 1058 1050
f  1227 850 1230
f  1240 784 1241
f  1097 140 292
f  1097 292 294
f  860 856 786
f  853 840 861
f  852 853 859
f  522 865 521
f  863 852 862
f  864 852 863
f  865 444 521
f  1106 808 1263
f  1231 840 857
f  858 1231 857
f  864 853 852
f  70 853 864
f  869 502 503
f  522 516 874
f  482 660 871
f  869 870 502
f  869 866 870
f  501 1235 867
f  1031 1030 872
f  1234 1030 1031
f  1237 240 9
f  72 1039 1040
f  501 504 1235
f  879 878 383
f  1157 977 393
f  974 394 973
f  999 878 879
f  1000 878 999
f  1144 51 249
f  883 1145 1144
f  883 1146 1145
f  881 885 883
f  881 883 85
f  717 732 1131
f  172 1131 732
f  779 154 28
f  899 54 340
f  880 881 90
f  750 90 881
f  882 53 884
f  86 882 884
f  857 845 1149
f  506 623 1148
f  1148 625 503
f  885 86 155
f  206 911 55
f  234 906 888
f  890 887 888
f  906 905 888
f  202 894 188
f  907 908 898
f  234 774 207
f  234 207 906
f  326 923 325
f  920 913 919
f  920 921 913
f  55 908 206
f  909 206 908
f  914 55 911
f  188 893 202
f  54 899 901
f  206 19 766
f  206 776 19
f  206 775 776
f  967 968 58
f  56 775 774
f  892 918 916
f  889 207 896
f  774 234 56
f  186 234 187
f  898 902 57
f  896 898 57
f  54 901 338
f  54 338 763
f  204 967 58
f  909 907 207
f  775 206 909
f  774 775 909
f  898 910 899
f  763 338 764
f  910 914 899
f  901 911 338
f  901 914 911
f  917 327 920
f  916 912 915
f  894 912 188
f  913 188 912
f  919 913 912
f  919 912 918
f  916 918 912
f  38 164 301
f  924 164 38
f  922 921 923
f  922 923 326
f  575 557 1068
f  200 922 326
f  201 325 923
f  201 923 327
f  926 927 166
f  925 924 36
f  925 36 926
f  166 925 926
f  199 71 928
f  827 928 71
f  199 928 61
f  927 928 166
f  61 928 927
f  173 929 178
f  171 934 805
f  171 932 934
f  930 170 933
f  936 171 805
f  936 935 171
f  930 933 931
f  64 933 175
f  936 178 937
f  935 936 937
f  931 933 932
f  931 932 171
f  931 171 935
f  172 732 938
f  799 172 938
f  712 735 1132
f  712 1132 1131
f  1044 430 386
f  717 1133 1135
f  58 184 939
f  205 58 939
f  767 205 940
f  939 940 205
f  181 658 651
f  197 940 67
f  939 67 940
f  939 941 67
f  382 942 529
f  382 529 532
f  942 530 529
f  877 526 524
f  1022 524 526
f  381 525 1022
f  316 685 75
f  951 75 685
f  343 316 75
f  950 75 951
f  945 406 947
f  413 948 947
f  437 384 948
f  413 437 948
f  943 945 949
f  943 949 946
f  949 384 946
f  948 384 949
f  948 949 945
f  947 948 945
f  36 924 38
f  513 487 954
f  376 18 353
f  954 957 953
f  482 1002 519
f  375 376 353
f  1003 516 517
f  1004 482 872
f  482 1003 1002
f  482 1004 1003
f  955 489 1002
f  953 958 956
f  767 197 765
f  959 765 197
f  38 765 959
f  249 960 84
f  84 960 105
f  150 960 87
f  105 960 150
f  307 966 965
f  186 307 965
f  211 968 185
f  212 211 185
f  966 203 965
f  212 183 211
f  969 659 556
f  969 539 659
f  452 969 556
f  1188 209 1187
f  1192 1188 1187
f  396 971 972
f  979 60 278
f  218 278 60
f  1152 974 973
f  1191 971 396
f  1153 1154 974
f  1153 974 1152
f  1153 393 1154
f  982 119 981
f  982 981 268
f  271 985 272
f  1052 1053 447
f  269 119 988
f  272 984 963
f  1246 1231 858
f  1246 861 1231
f  988 117 125
f  992 126 34
f  125 34 126
f  989 983 269
f  135 145 992
f  988 715 117
f  119 715 988
f  270 979 990
f  983 270 990
f  979 991 990
f  991 979 268
f  278 268 979
f  980 991 268
f  980 268 981
f  135 992 34
f  135 34 153
f  581 993 377
f  377 993 402
f  993 383 402
f  993 527 383
f  380 993 602
f  34 997 153
f  117 997 34
f  117 695 997
f  116 998 997
f  116 812 998
f  998 812 115
f  518 1002 1001
f  518 1001 955
f  1025 153 1026
f  1022 526 1021
f  381 1021 1023
f  1001 954 955
f  518 955 1002
f  874 516 1003
f  1235 1031 867
f  867 1031 872
f  1005 834 40
f  349 834 1005
f  1005 1006 349
f  1005 353 1006
f  1220 586 595
f  112 1010 1009
f  121 1015 1014
f  121 1014 1013
f  163 262 1010
f  1010 262 1009
f  147 1009 262
f  331 47 334
f  287 323 322
f  143 1214 244
f  1058 568 1050
f  449 1049 1052
f  1007 1047 1046
f  112 1046 1047
f  419 427 440
f  370 563 564
f  121 1013 146
f  1011 1013 1012
f  1010 1011 1012
f  877 999 526
f  589 1218 1216
f  588 591 1218
f  1020 526 879
f  1020 879 1019
f  1022 1021 381
f  527 1018 1019
f  668 131 1024
f  1021 526 1020
f  1018 1020 1019
f  131 671 669
f  1024 131 669
f  1220 1219 590
f  153 998 1026
f  1218 591 593
f  1219 781 590
f  1027 82 59
f  96 1027 59
f  885 155 1146
f  33 1239 165
f  522 1030 1029
f  1030 522 874
f  1036 630 7
f  1036 7 1037
f  1034 355 1036
f  678 92 1043
f  677 92 678
f  1042 288 283
f  1042 283 282
f  1005 354 353
f  1041 354 40
f  1005 40 354
f  1034 354 1041
f  1034 1041 1039
f  1036 1037 354
f  155 1147 1146
f  883 885 1146
f  112 1047 1048
f  244 1214 243
f  1047 1008 1048
f  440 427 1049
f  1055 1057 1050
f  1055 1050 1051
f  427 1057 1055
f  1061 1060 77
f  307 186 1062
f  231 1062 186
f  230 1059 1060
f  230 1060 1061
f  233 1059 230
f  308 1059 233
f  308 233 229
f  323 1061 77
f  323 77 322
f  322 77 321
f  1067 167 63
f  255 148 256
f  257 1063 1065
f  48 257 1065
f  48 1065 1064
f  48 740 703
f  48 635 257
f  48 1064 698
f  1064 17 11
f  1067 174 742
f  167 927 926
f  1067 927 167
f  109 1066 107
f  174 1067 63
f  698 1064 11
f  697 698 11
f  61 1067 742
f  561 833 1212
f  558 557 350
f  1068 557 558
f  1070 1069 370
f  833 562 237
f  1068 1070 370
f  1071 49 251
f  254 49 1071
f  254 149 49
f  252 254 1071
f  1071 251 252
f  253 252 251
f  568 1075 574
f  564 574 1075
f  573 564 1075
f  573 1075 1074
f  568 1074 1075
f  311 1076 357
f  311 357 80
f  587 751 588
f  751 373 588
f  1077 1076 311
f  582 373 379
f  751 379 373
f  362 1077 192
f  1080 1079 446
f  436 1080 431
f  436 1079 1080
f  432 429 433
f  432 433 1248
f  486 443 432
f  429 390 417
f  1053 1054 447
f  416 429 417
f  1083 1081 1084
f  367 1082 446
f  438 1084 1081
f  438 368 1084
f  1084 368 431
f  1162 1159 1182
f  297 1176 1177
f  292 138 1242
f  1111 1118 1117
f  1297 1300 1254
f  1111 1114 822
f  1116 1117 813
f  1111 1117 1116
f  1104 826 1105
f  830 1108 1101
f  1093 1086 140
f  813 831 827
f  1173 1107 1159
f  1177 807 70
f  1232 844 855
f  1182 1183 1162
f  1161 1162 1183
f  1182 1180 1183
f  1161 1183 1180
f  1221 781 1219
f  1104 1123 1092
f  1104 1092 1101
f  298 26 1184
f  1106 1105 71
f  1105 826 71
f  70 807 808
f  1106 71 808
f  1117 1112 813
f  1103 825 1108
f  831 813 1112
f  826 827 71
f  1113 826 1104
f  1110 1102 1109
f  1162 1161 1106
f  1258 1099 1166
f  1122 825 1114
f  1111 1122 1114
f  1115 1109 1108
f  825 1115 1108
f  1115 1110 1109
f  1113 813 827
f  826 1113 827
f  1120 1112 1119
f  1112 1120 831
f  1113 1121 813
f  1121 1110 1116
f  1121 1116 813
f  1121 1102 1110
f  1113 1102 1121
f  1116 1122 1111
f  1116 1110 1122
f  1115 825 1122
f  1104 1105 1123
f  1242 277 139
f  1226 587 589
f  1218 1219 1216
f  1224 1226 1223
f  1129 884 53
f  1129 461 884
f  801 309 712
f  1131 801 712
f  172 801 1131
f  1136 987 299
f  1139 126 26
f  724 695 117
f  715 724 117
f  718 714 719
f  718 719 1134
f  1136 299 1138
f  124 987 1136
f  986 987 124
f  755 120 1134
f  755 1134 719
f  718 735 714
f  124 1136 1137
f  125 126 1139
f  125 1139 1138
f  83 98 1143
f  83 1143 1144
f  1143 1142 85
f  883 1143 85
f  1147 248 51
f  1147 247 248
f  1233 870 866
f  844 839 783
f  839 848 783
f  972 1152 973
f  976 1155 393
f  623 508 1158
f  623 1158 615
f  1155 976 970
f  978 972 973
f  978 973 395
f  741 1155 970
f  1157 393 1153
f  1157 1153 1152
f  1159 1107 1092
f  1177 1176 1265
f  806 1159 1162
f  806 1162 1106
f  854 1230 851
f  276 1186 144
f  276 144 130
f  1092 1123 1180
f  1161 1180 1123
f  70 808 219
f  863 297 864
f  1186 1184 26
f  1177 1265 807
f  806 1106 1263
f  806 1264 1159
f  1264 1173 1159
f  298 1184 273
f  144 1186 26
f  1185 342 273
f  275 342 1185
f  138 275 274
f  1185 274 275
f  1126 1267 1086
f  398 397 191
f  1190 398 191
f  397 208 191
f  399 1190 191
f  324 1189 399
f  1187 1191 397
f  1187 397 398
f  1189 1190 399
f  1192 1187 398
f  11 17 1195
f  463 464 52
f  463 1198 464
f  1026 1193 3
f  115 1193 1026
f  123 1196 462
f  551 422 545
f  1204 551 545
f  1203 472 1202
f  1203 1202 1198
f  14 555 464
f  1198 14 464
f  1201 1200 1199
f  458 1200 460
f  1202 472 544
f  547 544 472
f  1204 536 551
f  1006 1211 349
f  537 1204 545
f  1203 1198 463
f  463 1197 1203
f  123 1199 1197
f  1199 472 1197
f  1203 1197 472
f  123 1201 1199
f  1204 423 536
f  1204 537 423
f  1209 1210 1205
f  143 244 28
f  1006 560 1211
f  544 547 424
f  544 424 549
f  1008 1214 143
f  1021 1215 1023
f  1018 1023 1215
f  1021 1020 1215
f  1018 1215 1020
f  1224 620 619
f  1127 1221 1219
f  1218 1127 1219
f  1216 1219 1220
f  1217 612 1225
f  1223 1217 620
f  781 593 596
f  1127 781 1221
f  1127 593 781
f  589 1216 1220
f  1223 612 1217
f  589 612 1223
f  1225 612 615
f  1158 1225 615
f  620 1158 508
f  620 1225 1158
f  614 1226 1224
f  358 1076 1077
f  614 587 1226
f  844 281 784
f  844 784 850
f  863 854 297
f  862 854 863
f  1235 870 1031
f  29 240 1237
f  866 1234 1233
f  1030 1234 866
f  165 1239 164
f  165 164 924
f  136 292 1242
f  851 784 1240
f  297 854 1240
f  1240 854 851
f  292 1243 138
f  1244 608 610
f  377 1244 610
f  853 861 859
f  859 861 860
f  860 861 856
f  1246 856 861
f  624 506 1252
f  508 506 624
f  512 1248 434
f  511 1248 512
f  432 1248 511
f  486 432 511
f  450 486 511
f  450 511 512
f  450 512 514
f  957 486 450
f  953 957 450
f  514 958 450
f  508 624 621
f  503 1252 506
f  503 502 1252
f  1093 1256 1126
f  1262 1263 807
f  1262 807 1265
f  324 1266 1189
f  1266 1188 1189
f  1267 1255 1268
f  1126 1255 1267
f  1269 1255 1126
f  1164 1286 1282
f  1286 1164 1302

# End of Wavefront obj format #
